DungeonTilesetIItiles.png
16
0,0,2,0,0,0
16,0,2,0,0,0
32,0,2,0,0,0
48,0,2,0,0,0
64,0,2,0,0,0
80,0,2,0,0,0
96,0,2,0,0,0
0,16,2,0,0,0
16,16,2,0,0,0
48,48,2,0,0,0
16,32,2,0,0,0
32,32,2,0,0,0
64,16,2,0,0,0
80,16,2,0,0,0
96,16,2,0,0,0
64,48,2,0,0,0
80,48,2,0,0,0
96,48,2,0,0,0
64,80,2,0,0,0
32,16,2,0,0,0
16,48,2,0,0,0
32,48,2,0,0,0
64,32,2,0,0,0
80,32,2,0,0,0
96,32,2,0,0,0
64,64,2,0,0,0
80,64,2,0,0,0
96,64,2,0,0,0
64,96,2,0,0,0
16,64,2,0,0,0
32,64,2,0,0,0
48,64,2,0,0,0
96,144,2,0,0,0
16,80,2,0,0,0
32,80,2,0,0,0
48,16,2,1,0,0
96,80,2,0,0,0
80,80,2,0,0,0
48,80,2,0,0,0
0,48,2,0,0,0
48,32,2,0,0,0
16,208,2,0,0,0
0,96,2,0,0,0
16,96,2,0,0,0
32,96,2,0,0,0
48,96,2,0,0,0
96,96,2,0,0,0
96,160,2,0,0,0
0,32,2,0,0,0
0,64,2,0,0,0
16,112,2,0,0,0
32,160,2,1,0,0
48,160,2,1,0,0
64,112,2,0,0,0
0,80,2,0,0,0
96,112,2,0,0,0
80,96,2,0,0,0
64,128,2,0,0,0
64,208,2,0,0,0
96,128,2,0,0,0
80,128,2,0,0,0
16,144,2,0,0,0
0,112,2,0,0,0
80,160,2,0,0,0
64,144,2,0,0,0
80,144,2,0,0,0
80,112,2,0,0,0
0,160,2,0,0,0
16,160,2,0,0,0
32,112,2,0,0,0
48,112,2,0,0,0
64,160,2,0,0,0
48,144,2,0,0,0
32,144,2,0,0,0
0,176,2,0,0,0
16,176,2,0,0,0
32,176,2,0,0,0
48,176,2,0,0,0
64,176,2,0,0,0
80,176,2,0,0,0
96,176,2,0,0,0
32,208,2,0,0,0
48,208,2,0,0,0
16,128,2,0,0,0
32,128,2,0,0,0
48,128,2,0,0,0
0,208,2,0,0,0
0,192,2,0,0,0
0,128,2,0,0,0
0,144,2,0,0,0
16,224,2,0,0,0
32,224,2,0,0,0
48,224,2,0,0,0
64,224,2,0,0,0
80,224,2,0,0,0
96,224,2,0,0,0
80,208,2,0,0,0
96,208,2,0,0,0
0,224,2,0,0,0
0,240,2,0,0,0
16,240,2,0,0,0
32,240,2,0,0,0
48,240,2,0,0,0
64,240,2,0,0,0
80,240,2,0,0,0
96,240,2,0,0,0
